
HepMC::Version 2.06.09
HepMC::IO_GenEvent-START_EVENT_LISTING
E 1 -1 -1.0000000000000000e+00 -1.0000000000000000e+00 -1.0000000000000000e+00 20 -1 1 0 0 0 0
U GEV MM
V -1 0 0 0 5.4579999999999995e+02 0 0 2 0
P 10001 11 -8.0451637506484985e-02 6.9943800568580627e-02 2.0060850143432617e+01 2.0061130523681641e+01 -1.0732673697767422e-02 1 0 0 0 0
P 10002 -11 8.0455817282199860e-02 -6.9947399199008942e-02 2.4881729125976562e+01 2.4881950378417969e+01 -1.8853159032552403e-02 1 0 0 0 0
E 2 -1 -1.0000000000000000e+00 -1.0000000000000000e+00 -1.0000000000000000e+00 20 -1 1 0 0 0 0
U GEV MM
V -1 0 0 0 5.4579999999999995e+02 0 0 2 0
P 10001 11 -4.1449248790740967e-02 -9.7560398280620575e-02 1.9080099105834961e+01 1.9080390930175781e+01 -9.9955834181315074e-03 1 0 0 0 0
P 10002 -11 4.1449248790740967e-02 9.7560398280620575e-02 2.5863679885864258e+01 2.5863889694213867e+01 -1.9575380840500083e-02 1 0 0 0 0
E 3 -1 -1.0000000000000000e+00 -1.0000000000000000e+00 -1.0000000000000000e+00 20 -1 1 0 0 0 0
U GEV MM
V -1 0 0 0 5.4579999999999995e+02 0 0 2 0
P 10001 11 -6.6982902586460114e-02 -7.7422693371772766e-02 1.7179590225219727e+01 1.7179899215698242e+01 1.1652141264572811e-02 1 0 0 0 0
P 10002 -11 6.6718891263008118e-02 7.7448911964893341e-02 2.5289510726928711e+01 2.5289720535278320e+01 1.2735800708395684e-02 1 0 0 0 0
E 4 -1 -1.0000000000000000e+00 -1.0000000000000000e+00 -1.0000000000000000e+00 20 -1 1 0 0 0 0
U GEV MM
V -1 0 0 0 5.4579999999999995e+02 0 0 2 0
P 10001 11 1.0229980200529099e-01 -2.2743830457329750e-02 2.4063009262084961e+01 2.4063240051269531e+01 1.1157352789008894e-02 1 0 0 0 0
P 10002 -11 -1.0243669897317886e-01 2.2718170657753944e-02 2.0878129959106445e+01 2.0878400802612305e+01 1.7323181273948371e-02 1 0 0 0 0
E 5 -1 -1.0000000000000000e+00 -1.0000000000000000e+00 -1.0000000000000000e+00 20 -1 1 0 0 0 0
U GEV MM
V -1 0 0 0 5.4579999999999995e+02 0 0 2 0
P 10001 11 -4.5140910893678665e-02 -9.5932513475418091e-02 1.9110519409179688e+01 1.9110809326171875e+01 -1.2638683225024127e-02 1 0 0 0 0
P 10002 -11 4.5140910893678665e-02 9.5932513475418091e-02 2.5833259582519531e+01 2.5833480834960938e+01 1.3807370453682757e-02 1 0 0 0 0
E 6 -1 -1.0000000000000000e+00 -1.0000000000000000e+00 -1.0000000000000000e+00 20 -1 1 0 0 0 0
U GEV MM
V -1 0 0 0 5.4579999999999995e+02 0 0 2 0
P 10001 11 -3.9720691740512848e-02 -9.3210220336914062e-02 1.5118849754333496e+01 1.5119190216064453e+01 5.3867338401603817e-03 1 0 0 0 0
P 10002 -11 3.9725709706544876e-02 9.3196868896484375e-02 2.9811759948730469e+01 2.9811929702758789e+01 -1.1934273422419636e-02 1 0 0 0 0
E 7 -1 -1.0000000000000000e+00 -1.0000000000000000e+00 -1.0000000000000000e+00 20 -1 1 0 0 0 0
U GEV MM
V -1 0 0 0 5.4579999999999995e+02 0 0 2 0
P 10001 11 1.0247349739074707e-01 1.2741969898343086e-02 1.7822120666503906e+01 1.7822420120239258e+01 3.2734414734408987e-03 1 0 0 0 0
P 10002 -11 -1.0251580178737640e-01 -1.2809139676392078e-02 2.5113750457763672e+01 2.5113960266113281e+01 -1.1634886494271622e-02 1 0 0 0 0
E 8 -1 -1.0000000000000000e+00 -1.0000000000000000e+00 -1.0000000000000000e+00 20 -1 1 0 0 0 0
U GEV MM
V -1 0 0 0 5.4579999999999995e+02 0 0 2 0
P 10001 11 -8.6513459682464600e-02 -4.2056150734424591e-02 1.5197409629821777e+01 1.5197719573974609e+01 1.2941949252665614e-02 1 0 0 0 0
P 10002 -11 9.2720657587051392e-02 4.5044638216495514e-02 2.8659889221191406e+01 2.8660070419311523e+01 -1.5487764313021474e-02 1 0 0 0 0
E 9 -1 -1.0000000000000000e+00 -1.0000000000000000e+00 -1.0000000000000000e+00 20 -1 1 0 0 0 0
U GEV MM
V -1 0 0 0 5.4579999999999995e+02 0 0 2 0
P 10001 11 2.1480010822415352e-02 -1.0012339800596237e-01 1.5828350067138672e+01 1.5828680038452148e+01 -6.3382875047760445e-03 1 0 0 0 0
P 10002 -11 -2.1482339128851891e-02 1.0012249648571014e-01 2.9067520141601562e+01 2.9067699432373047e+01 -7.9307521175103410e-03 1 0 0 0 0
E 10 -1 -1.0000000000000000e+00 -1.0000000000000000e+00 -1.0000000000000000e+00 20 -1 1 0 0 0 0
U GEV MM
V -1 0 0 0 5.4579999999999995e+02 0 0 2 0
P 10001 11 -7.0488676428794861e-02 7.8573562204837799e-02 2.4210500717163086e+01 2.4210729598999023e+01 -7.7277479979025827e-03 1 0 0 0 0
P 10002 -11 6.7327506840229034e-02 -7.5156502425670624e-02 1.8476530075073242e+01 1.8476800918579102e+01 -1.3150030975810884e-02 1 0 0 0 0
E 11 -1 -1.0000000000000000e+00 -1.0000000000000000e+00 -1.0000000000000000e+00 20 -1 1 0 0 0 0
U GEV MM
V -1 0 0 0 5.4579999999999995e+02 0 0 2 0
P 10001 11 -8.8905602693557739e-02 5.7703059166669846e-02 1.9069200515747070e+01 1.9069490432739258e+01 -1.3296415371843152e-02 1 0 0 0 0
P 10002 -11 8.8193863630294800e-02 -5.7169150561094284e-02 2.5646709442138672e+01 2.5646919250488281e+01 -1.6871211468569316e-02 1 0 0 0 0
E 12 -1 -1.0000000000000000e+00 -1.0000000000000000e+00 -1.0000000000000000e+00 20 -1 1 0 0 0 0
U GEV MM
V -1 0 0 0 5.4579999999999995e+02 0 0 2 0
P 10001 11 6.0365211218595505e-02 -8.8522642850875854e-02 2.3355970382690430e+01 2.3356210708618164e+01 -1.5939534668782049e-02 1 0 0 0 0
P 10002 -11 -6.0365211218595505e-02 8.8522642850875854e-02 2.1587810516357422e+01 2.1588079452514648e+01 1.1460406200755979e-02 1 0 0 0 0
E 13 -1 -1.0000000000000000e+00 -1.0000000000000000e+00 -1.0000000000000000e+00 20 -1 1 0 0 0 0
U GEV MM
V -1 0 0 0 5.4579999999999995e+02 0 0 2 0
P 10001 11 1.0092840343713760e-01 6.9790361449122429e-03 1.5029339790344238e+01 1.5029680252075195e+01 -1.1417404987153106e-03 1 0 0 0 0
P 10002 -11 -1.0093870013952255e-01 -6.9795572198927402e-03 2.9912889480590820e+01 2.9913059234619141e+01 -9.0354641498766146e-03 1 0 0 0 0
E 14 -1 -1.0000000000000000e+00 -1.0000000000000000e+00 -1.0000000000000000e+00 20 -1 1 0 0 0 0
U GEV MM
V -1 0 0 0 5.4579999999999995e+02 0 0 2 0
P 10001 11 -9.2507213354110718e-02 -4.6184450387954712e-02 1.6936279296875000e+01 1.6936590194702148e+01 -1.2632753302155532e-02 1 0 0 0 0
P 10002 -11 9.2582628130912781e-02 4.5941080898046494e-02 2.7259080886840820e+01 2.7259279251098633e+01 1.1505133647776042e-02 1 0 0 0 0
E 15 -1 -1.0000000000000000e+00 -1.0000000000000000e+00 -1.0000000000000000e+00 20 -1 1 0 0 0 0
U GEV MM
V -1 0 0 0 5.4579999999999995e+02 0 0 2 0
P 10001 11 -1.0290779918432236e-01 1.0040589608252048e-02 1.6517789840698242e+01 1.6518119812011719e+01 1.4493927257604499e-02 1 0 0 0 0
P 10002 -11 1.0290779918432236e-01 -1.0040589608252048e-02 2.8425989151000977e+01 2.8426179885864258e+01 1.2363741986017968e-02 1 0 0 0 0
E 16 -1 -1.0000000000000000e+00 -1.0000000000000000e+00 -1.0000000000000000e+00 20 -1 1 0 0 0 0
U GEV MM
V -1 0 0 0 5.4579999999999995e+02 0 0 2 0
P 10001 11 -8.7108336389064789e-02 5.4704919457435608e-02 1.6127630233764648e+01 1.6127950668334961e+01 -1.5642483010831033e-02 1 0 0 0 0
P 10002 -11 8.7113372981548309e-02 -5.4709590971469879e-02 2.8815019607543945e+01 2.8815200805664062e+01 -1.1806417560906281e-02 1 0 0 0 0
E 17 -1 -1.0000000000000000e+00 -1.0000000000000000e+00 -1.0000000000000000e+00 20 -1 1 0 0 0 0
U GEV MM
V -1 0 0 0 5.4579999999999995e+02 0 0 2 0
P 10001 11 -9.1306917369365692e-02 -4.2291060090065002e-02 2.0859819412231445e+01 2.0860069274902344e+01 1.7284556515476071e-02 1 0 0 0 0
P 10002 -11 9.2137992382049561e-02 4.0834430605173111e-02 2.4059329986572266e+01 2.4059539794921875e+01 -7.8179095115160340e-03 1 0 0 0 0
E 18 -1 -1.0000000000000000e+00 -1.0000000000000000e+00 -1.0000000000000000e+00 20 -1 1 0 0 0 0
U GEV MM
V -1 0 0 0 5.4579999999999995e+02 0 0 2 0
P 10001 11 -2.8218610212206841e-02 9.9838949739933014e-02 1.6794500350952148e+01 1.6794820785522461e+01 -9.6237313181229251e-04 1 0 0 0 0
P 10002 -11 2.8218610212206841e-02 -9.9838949739933014e-02 2.8149280548095703e+01 2.8149469375610352e+01 -1.1547849216866394e-02 1 0 0 0 0
E 19 -1 -1.0000000000000000e+00 -1.0000000000000000e+00 -1.0000000000000000e+00 20 -1 1 0 0 0 0
U GEV MM
V -1 0 0 0 5.4579999999999995e+02 0 0 2 0
P 10001 11 9.8946668207645416e-02 2.8772639110684395e-02 1.6286050796508789e+01 1.6286380767822266e+01 1.1386839581150551e-02 1 0 0 0 0
P 10002 -11 -9.8983570933341980e-02 -2.8755839914083481e-02 2.8654769897460938e+01 2.8654949188232422e+01 -1.8696039567315460e-02 1 0 0 0 0
E 20 -1 -1.0000000000000000e+00 -1.0000000000000000e+00 -1.0000000000000000e+00 20 -1 1 0 0 0 0
U GEV MM
V -1 0 0 0 5.4579999999999995e+02 0 0 2 0
P 10001 11 1.0212559998035431e-01 1.1755519546568394e-02 1.8980680465698242e+01 1.8980960845947266e+01 8.7099961616254988e-03 1 0 0 0 0
P 10002 -11 -9.9261157214641571e-02 -1.0177129879593849e-02 2.1449720382690430e+01 2.1449949264526367e+01 -1.1721610564675763e-02 1 0 0 0 0
E 21 -1 -1.0000000000000000e+00 -1.0000000000000000e+00 -1.0000000000000000e+00 20 -1 1 0 0 0 0
U GEV MM
V -1 0 0 0 5.4579999999999995e+02 0 0 2 0
P 10001 11 1.0498479753732681e-01 4.8289201222360134e-03 1.8011970520019531e+01 1.8012279510498047e+01 9.2749162587333570e-03 1 0 0 0 0
P 10002 -11 -1.0498479753732681e-01 -4.8289201222360134e-03 2.6931810379028320e+01 2.6932010650634766e+01 -1.6054040506869163e-02 1 0 0 0 0
E 22 -1 -1.0000000000000000e+00 -1.0000000000000000e+00 -1.0000000000000000e+00 20 -1 1 0 0 0 0
U GEV MM
V -1 0 0 0 5.4579999999999995e+02 0 0 2 0
P 10001 11 8.9711301028728485e-02 5.7140171527862549e-02 2.5320390701293945e+01 2.5320619583129883e+01 1.6664053321489961e-02 1 0 0 0 0
P 10002 -11 -8.9710861444473267e-02 -5.7136878371238708e-02 1.9622880935668945e+01 1.9623170852661133e+01 8.0892372066755074e-03 1 0 0 0 0
E 23 -1 -1.0000000000000000e+00 -1.0000000000000000e+00 -1.0000000000000000e+00 20 -1 1 0 0 0 0
U GEV MM
V -1 0 0 0 5.4579999999999995e+02 0 0 2 0
P 10001 11 -7.8311286866664886e-02 -7.2277523577213287e-02 1.9982679367065430e+01 1.9982969284057617e+01 1.5166495395135119e-02 1 0 0 0 0
P 10002 -11 7.8311987221240997e-02 7.2276048362255096e-02 2.4960979461669922e+01 2.4961210250854492e+01 1.2841609958969541e-02 1 0 0 0 0
E 24 -1 -1.0000000000000000e+00 -1.0000000000000000e+00 -1.0000000000000000e+00 20 -1 1 0 0 0 0
U GEV MM
V -1 0 0 0 5.4579999999999995e+02 0 0 2 0
P 10001 11 6.1515178531408310e-03 -1.0666319727897644e-01 2.0666109085083008e+01 2.0666379928588867e+01 -1.4840572607983164e-02 1 0 0 0 0
P 10002 -11 -4.9284282140433788e-03 8.8626451790332794e-02 2.0154350280761719e+01 2.0154550552368164e+01 1.3920882237528021e-02 1 0 0 0 0
E 25 -1 -1.0000000000000000e+00 -1.0000000000000000e+00 -1.0000000000000000e+00 20 -1 1 0 0 0 0
U GEV MM
V -1 0 0 0 5.4579999999999995e+02 0 0 2 0
P 10001 11 -8.2092963159084320e-02 -6.7623309791088104e-02 2.5328849792480469e+01 2.5329069137573242e+01 -1.4163357650673031e-02 1 0 0 0 0
P 10002 -11 8.2092963159084320e-02 6.7623309791088104e-02 1.9614929199218750e+01 1.9615219116210938e+01 7.8307072040850675e-03 1 0 0 0 0
E 26 -1 -1.0000000000000000e+00 -1.0000000000000000e+00 -1.0000000000000000e+00 20 -1 1 0 0 0 0
U GEV MM
V -1 0 0 0 5.4579999999999995e+02 0 0 2 0
P 10001 11 -8.7645001709461212e-02 6.1269208788871765e-02 2.0815769195556641e+01 2.0816040039062500e+01 -1.2643460835218447e-02 1 0 0 0 0
P 10002 -11 8.7645001709461212e-02 -6.1269208788871765e-02 2.4128009796142578e+01 2.4128250122070312e+01 1.2714879610682531e-02 1 0 0 0 0
E 27 -1 -1.0000000000000000e+00 -1.0000000000000000e+00 -1.0000000000000000e+00 20 -1 1 0 0 0 0
U GEV MM
V -1 0 0 0 5.4579999999999995e+02 0 0 2 0
P 10001 11 3.5525389015674591e-02 9.6275292336940765e-02 2.8988889694213867e+01 2.8989070892333984e+01 -5.0485357004819882e-03 1 0 0 0 0
P 10002 -11 -3.5525389015674591e-02 -9.6275292336940765e-02 1.5954890251159668e+01 1.5955220222473145e+01 -1.2506450815126492e-03 1 0 0 0 0
E 28 -1 -1.0000000000000000e+00 -1.0000000000000000e+00 -1.0000000000000000e+00 20 -1 1 0 0 0 0
U GEV MM
V -1 0 0 0 5.4579999999999995e+02 0 0 2 0
P 10001 11 1.3636110350489616e-02 1.0243190079927444e-01 1.6471549987792969e+01 1.6471879959106445e+01 1.3861783547943240e-02 1 0 0 0 0
P 10002 -11 -1.3636110350489616e-02 -1.0243190079927444e-01 2.8472230911254883e+01 2.8472419738769531e+01 8.6301244459735978e-03 1 0 0 0 0
E 29 -1 -1.0000000000000000e+00 -1.0000000000000000e+00 -1.0000000000000000e+00 20 -1 1 0 0 0 0
U GEV MM
V -1 0 0 0 5.4579999999999995e+02 0 0 2 0
P 10001 11 -4.4624779373407364e-02 -9.6072882413864136e-02 1.9172460556030273e+01 1.9172750473022461e+01 -1.0219658658909189e-02 1 0 0 0 0
P 10002 -11 4.4601269066333771e-02 9.6063181757926941e-02 2.5771089553833008e+01 2.5771310806274414e+01 1.3655541874041902e-02 1 0 0 0 0
E 30 -1 -1.0000000000000000e+00 -1.0000000000000000e+00 -1.0000000000000000e+00 20 -1 1 0 0 0 0
U GEV MM
V -1 0 0 0 5.4579999999999995e+02 0 0 2 0
P 10001 11 1.1056640185415745e-02 1.0555060207843781e-01 1.9278299331665039e+01 1.9278589248657227e+01 -9.2131279144484386e-03 1 0 0 0 0
P 10002 -11 -1.1056150309741497e-02 -1.0554660111665726e-01 2.5664520263671875e+01 2.5664739608764648e+01 -1.8714160902947574e-03 1 0 0 0 0
E 31 -1 -1.0000000000000000e+00 -1.0000000000000000e+00 -1.0000000000000000e+00 20 -1 1 0 0 0 0
U GEV MM
V -1 0 0 0 5.4579999999999995e+02 0 0 2 0
P 10001 11 5.5323969572782516e-03 -1.0310050100088120e-01 2.8537420272827148e+01 2.8537609100341797e+01 1.0817357452653928e-02 1 0 0 0 0
P 10002 -11 -5.5323969572782516e-03 1.0310050100088120e-01 1.6406360626220703e+01 1.6406690597534180e+01 1.2924584665257003e-02 1 0 0 0 0
E 32 -1 -1.0000000000000000e+00 -1.0000000000000000e+00 -1.0000000000000000e+00 20 -1 1 0 0 0 0
U GEV MM
V -1 0 0 0 5.4579999999999995e+02 0 0 2 0
P 10001 11 8.3212733268737793e-02 -6.3490420579910278e-02 1.7590169906616211e+01 1.7590480804443359e+01 -4.2195520786886447e-03 1 0 0 0 0
P 10002 -11 -8.3202309906482697e-02 6.3483342528343201e-02 2.7350009918212891e+01 2.7350200653076172e+01 -2.2793024537997437e-02 1 0 0 0 0
E 33 -1 -1.0000000000000000e+00 -1.0000000000000000e+00 -1.0000000000000000e+00 20 -1 1 0 0 0 0
U GEV MM
V -1 0 0 0 5.4579999999999995e+02 0 0 2 0
P 10001 11 1.0696049779653549e-01 -5.0488221459090710e-03 2.3645389556884766e+01 2.3645629882812500e+01 -1.0038952812685241e-02 1 0 0 0 0
P 10002 -11 -1.0696320235729218e-01 5.0489548593759537e-03 2.1297809600830078e+01 2.1298080444335938e+01 8.3786389893248537e-03 1 0 0 0 0
E 34 -1 -1.0000000000000000e+00 -1.0000000000000000e+00 -1.0000000000000000e+00 20 -1 1 0 0 0 0
U GEV MM
V -1 0 0 0 5.4579999999999995e+02 0 0 2 0
P 10001 11 4.0012691169977188e-02 -9.5327109098434448e-02 2.7683769226074219e+01 2.7683969497680664e+01 2.0007818364450661e-02 1 0 0 0 0
P 10002 -11 -4.0133960545063019e-02 9.5841690897941589e-02 1.7024080276489258e+01 1.7024389266967773e+01 -1.6604565825818506e-02 1 0 0 0 0
E 35 -1 -1.0000000000000000e+00 -1.0000000000000000e+00 -1.0000000000000000e+00 20 -1 1 0 0 0 0
U GEV MM
V -1 0 0 0 5.4579999999999995e+02 0 0 2 0
P 10001 11 -5.9999670833349228e-02 8.2164198160171509e-02 1.5374890327453613e+01 1.5375229835510254e+01 9.4338527965361872e-03 1 0 0 0 0
P 10002 -11 6.0000490397214890e-02 -8.2165576517581940e-02 2.9568719863891602e+01 2.9568899154663086e+01 1.5861542333655668e-02 1 0 0 0 0
E 36 -1 -1.0000000000000000e+00 -1.0000000000000000e+00 -1.0000000000000000e+00 20 -1 1 0 0 0 0
U GEV MM
V -1 0 0 0 5.4579999999999995e+02 0 0 2 0
P 10001 11 8.4198333323001862e-02 6.5672531723976135e-02 2.0581710815429688e+01 2.0581989288330078e+01 7.7932150791539100e-03 1 0 0 0 0
P 10002 -11 -8.4258668124675751e-02 -6.5655022859573364e-02 2.4338300704956055e+01 2.4338529586791992e+01 -1.6397039246891270e-02 1 0 0 0 0
E 37 -1 -1.0000000000000000e+00 -1.0000000000000000e+00 -1.0000000000000000e+00 20 -1 1 0 0 0 0
U GEV MM
V -1 0 0 0 5.4579999999999995e+02 0 0 2 0
P 10001 11 1.0258120298385620e-01 1.2287779711186886e-02 1.8402500152587891e+01 1.8402790069580078e+01 -1.8476195601129894e-03 1 0 0 0 0
P 10002 -11 -1.0200549662113190e-01 -1.1327469721436501e-02 2.6514049530029297e+01 2.6514249801635742e+01 9.3075121824842295e-03 1 0 0 0 0
E 38 -1 -1.0000000000000000e+00 -1.0000000000000000e+00 -1.0000000000000000e+00 20 -1 1 0 0 0 0
U GEV MM
V -1 0 0 0 5.4579999999999995e+02 0 0 2 0
P 10001 11 2.0018480718135834e-02 -1.0442549735307693e-01 2.4893980026245117e+01 2.4894210815429688e+01 1.3607053240178118e-02 1 0 0 0 0
P 10002 -11 -2.0149869844317436e-02 1.0464499890804291e-01 1.9992910385131836e+01 1.9993190765380859e+01 -1.2053217544504719e-02 1 0 0 0 0
E 39 -1 -1.0000000000000000e+00 -1.0000000000000000e+00 -1.0000000000000000e+00 20 -1 1 0 0 0 0
U GEV MM
V -1 0 0 0 5.4579999999999995e+02 0 0 2 0
P 10001 11 8.9385986328125000e-02 4.9621209502220154e-02 1.6105009078979492e+01 1.6105339050292969e+01 1.3280508102609992e-02 1 0 0 0 0
P 10002 -11 -9.0056173503398895e-02 -4.9994770437479019e-02 2.8715089797973633e+01 2.8715280532836914e+01 1.8557542295688664e-02 1 0 0 0 0
E 40 -1 -1.0000000000000000e+00 -1.0000000000000000e+00 -1.0000000000000000e+00 20 -1 1 0 0 0 0
U GEV MM
V -1 0 0 0 5.4579999999999995e+02 0 0 2 0
P 10001 11 -7.2511307895183563e-02 -7.6633356511592865e-02 2.0831029891967773e+01 2.0831300735473633e+01 1.2385902732792529e-02 1 0 0 0 0
P 10002 -11 7.3292359709739685e-02 7.7975481748580933e-02 2.3811429977416992e+01 2.3811670303344727e+01 -2.6229733510979444e-03 1 0 0 0 0
E 41 -1 -1.0000000000000000e+00 -1.0000000000000000e+00 -1.0000000000000000e+00 20 -1 1 0 0 0 0
U GEV MM
V -1 0 0 0 5.4579999999999995e+02 0 0 2 0
P 10001 11 1.4821600168943405e-02 -7.5190372765064240e-02 1.7773939132690430e+01 1.7774110794067383e+01 1.5131265985768019e-02 1 0 0 0 0
P 10002 -11 -9.2418733984231949e-03 1.0537680238485336e-01 2.0034229278564453e+01 2.0034509658813477e+01 6.6933023661016984e-03 1 0 0 0 0
E 42 -1 -1.0000000000000000e+00 -1.0000000000000000e+00 -1.0000000000000000e+00 20 -1 1 0 0 0 0
U GEV MM
V -1 0 0 0 5.4579999999999995e+02 0 0 2 0
P 10001 11 1.0372089454904199e-03 -1.0439690202474594e-01 1.7346099853515625e+01 1.7346410751342773e+01 -1.0675335563105910e-02 1 0 0 0 0
P 10002 -11 -1.0372089454904199e-03 1.0439690202474594e-01 2.7597679138183594e+01 2.7597879409790039e+01 1.2422327649543832e-02 1 0 0 0 0
E 43 -1 -1.0000000000000000e+00 -1.0000000000000000e+00 -1.0000000000000000e+00 20 -1 1 0 0 0 0
U GEV MM
V -1 0 0 0 5.4579999999999995e+02 0 0 2 0
P 10001 11 -8.1075467169284821e-02 -6.1276219785213470e-02 1.5314749717712402e+01 1.5315079689025879e+01 -1.4867462695141402e-02 1 0 0 0 0
P 10002 -11 7.4704147875308990e-02 5.6548450142145157e-02 2.7211429595947266e+01 2.7211589813232422e+01 -7.6764903154396182e-03 1 0 0 0 0
E 44 -1 -1.0000000000000000e+00 -1.0000000000000000e+00 -1.0000000000000000e+00 20 -1 1 0 0 0 0
U GEV MM
V -1 0 0 0 5.4579999999999995e+02 0 0 2 0
P 10001 11 1.0053019970655441e-01 -3.7234541028738022e-02 2.2953060150146484e+01 2.2953310012817383e+01 -4.7374928469421703e-03 1 0 0 0 0
P 10002 -11 -1.0053019970655441e-01 3.7234541028738022e-02 2.1990720748901367e+01 2.1990989685058594e+01 1.8317753511696809e-02 1 0 0 0 0
E 45 -1 -1.0000000000000000e+00 -1.0000000000000000e+00 -1.0000000000000000e+00 20 -1 1 0 0 0 0
U GEV MM
V -1 0 0 0 5.4579999999999995e+02 0 0 2 0
P 10001 11 -8.6808830499649048e-02 -5.2577231079339981e-02 1.5218620300292969e+01 1.5218959808349609e+01 5.8021884530595012e-03 1 0 0 0 0
P 10002 -11 8.6808830499649048e-02 5.2577231079339981e-02 2.9725160598754883e+01 2.9725330352783203e+01 -1.4428373300435964e-02 1 0 0 0 0
E 46 -1 -1.0000000000000000e+00 -1.0000000000000000e+00 -1.0000000000000000e+00 20 -1 1 0 0 0 0
U GEV MM
V -1 0 0 0 5.4579999999999995e+02 0 0 2 0
P 10001 11 8.0196499824523926e-02 -6.4009822905063629e-02 2.8779710769653320e+01 2.8779890060424805e+01 -1.4450978282367558e-02 1 0 0 0 0
P 10002 -11 -8.0204248428344727e-02 6.4009100198745728e-02 1.6164060592651367e+01 1.6164390563964844e+01 1.1729241944064897e-02 1 0 0 0 0
E 47 -1 -1.0000000000000000e+00 -1.0000000000000000e+00 -1.0000000000000000e+00 20 -1 1 0 0 0 0
U GEV MM
V -1 0 0 0 5.4579999999999995e+02 0 0 2 0
P 10001 11 -6.7943282425403595e-02 -7.9941757023334503e-02 2.7115819931030273e+01 2.7116020202636719e+01 -1.2077930229111836e-02 1 0 0 0 0
P 10002 -11 6.7943282425403595e-02 7.9941757023334503e-02 1.7827959060668945e+01 1.7828269958496094e+01 8.8583284898719524e-03 1 0 0 0 0
E 48 -1 -1.0000000000000000e+00 -1.0000000000000000e+00 -1.0000000000000000e+00 20 -1 1 0 0 0 0
U GEV MM
V -1 0 0 0 5.4579999999999995e+02 0 0 2 0
P 10001 11 -6.9410473108291626e-02 -8.1644542515277863e-02 2.1997119903564453e+01 2.1997379302978516e+01 -8.4556361969149590e-03 1 0 0 0 0
P 10002 -11 6.9466233253479004e-02 8.1637568771839142e-02 2.2932170867919922e+01 2.2932420730590820e+01 -5.5136957619853740e-03 1 0 0 0 0
E 49 -1 -1.0000000000000000e+00 -1.0000000000000000e+00 -1.0000000000000000e+00 20 -1 1 0 0 0 0
U GEV MM
V -1 0 0 0 5.4579999999999995e+02 0 0 2 0
P 10001 11 -1.0219500213861465e-01 1.3097720220685005e-02 1.6245700836181641e+01 1.6246030807495117e+01 1.0294203733169279e-02 1 0 0 0 0
P 10002 -11 1.0219500213861465e-01 -1.3097720220685005e-02 2.8698080062866211e+01 2.8698259353637695e+01 -1.8020398515880321e-02 1 0 0 0 0
E 50 -1 -1.0000000000000000e+00 -1.0000000000000000e+00 -1.0000000000000000e+00 20 -1 1 0 0 0 0
U GEV MM
V -1 0 0 0 5.4579999999999995e+02 0 0 2 0
P 10001 11 1.0653010010719299e-01 8.3065014332532883e-03 2.4350400924682617e+01 2.4350639343261719e+01 1.3913038007049069e-02 1 0 0 0 0
P 10002 -11 -1.0653010010719299e-01 -8.3065014332532883e-03 2.0593379974365234e+01 2.0593660354614258e+01 1.1418074664982467e-02 1 0 0 0 0
E 51 -1 -1.0000000000000000e+00 -1.0000000000000000e+00 -1.0000000000000000e+00 20 -1 1 0 0 0 0
U GEV MM
V -1 0 0 0 5.4579999999999995e+02 0 0 2 0
P 10001 11 -7.7996917068958282e-02 7.3583111166954041e-02 2.2500019073486328e+01 2.2500270843505859e+01 -1.2971871489636203e-02 1 0 0 0 0
P 10002 -11 7.7996917068958282e-02 -7.3583111166954041e-02 2.2443759918212891e+01 2.2444019317626953e+01 1.2077678215908777e-02 1 0 0 0 0
E 52 -1 -1.0000000000000000e+00 -1.0000000000000000e+00 -1.0000000000000000e+00 20 -1 1 0 0 0 0
U GEV MM
V -1 0 0 0 5.4579999999999995e+02 0 0 2 0
P 10001 11 2.4104079231619835e-02 7.6550647616386414e-02 1.7011859893798828e+01 1.7012050628662109e+01 6.9668956987889042e-03 1 0 0 0 0
P 10002 -11 -3.2408170402050018e-02 -1.0161949694156647e-01 2.2245559692382812e+01 2.2245819091796875e+01 1.2815066133365697e-02 1 0 0 0 0
E 53 -1 -1.0000000000000000e+00 -1.0000000000000000e+00 -1.0000000000000000e+00 20 -1 1 0 0 0 0
U GEV MM
V -1 0 0 0 5.4579999999999995e+02 0 0 2 0
P 10001 11 8.4055572748184204e-02 -5.8495640754699707e-02 1.5808589935302734e+01 1.5808919906616211e+01 -7.3626113522338244e-03 1 0 0 0 0
P 10002 -11 -8.4055572748184204e-02 5.8495640754699707e-02 2.9135200500488281e+01 2.9135370254516602e+01 -2.4401130694931945e-02 1 0 0 0 0
E 54 -1 -1.0000000000000000e+00 -1.0000000000000000e+00 -1.0000000000000000e+00 20 -1 1 0 0 0 0
U GEV MM
V -1 0 0 0 5.4579999999999995e+02 0 0 2 0
P 10001 11 -8.4393180906772614e-02 5.4011620581150055e-02 2.1324050903320312e+01 2.1324279785156250e+01 -1.6674408946320052e-02 1 0 0 0 0
P 10002 -11 8.6029157042503357e-02 -6.1944749206304550e-02 2.2208150863647461e+01 2.2208410263061523e+01 1.6836333188933007e-02 1 0 0 0 0
E 55 -1 -1.0000000000000000e+00 -1.0000000000000000e+00 -1.0000000000000000e+00 20 -1 1 0 0 0 0
U GEV MM
V -1 0 0 0 5.4579999999999995e+02 0 0 2 0
P 10001 11 -2.3954899981617928e-02 -1.0296860337257385e-01 1.8713369369506836e+01 1.8713670730590820e+01 1.0133255215774541e-02 1 0 0 0 0
P 10002 -11 2.3954899981617928e-02 1.0296860337257385e-01 2.6230409622192383e+01 2.6230619430541992e+01 -1.3023386246182267e-02 1 0 0 0 0
E 56 -1 -1.0000000000000000e+00 -1.0000000000000000e+00 -1.0000000000000000e+00 20 -1 1 0 0 0 0
U GEV MM
V -1 0 0 0 5.4579999999999995e+02 0 0 2 0
P 10001 11 8.0780640244483948e-02 6.6777698695659637e-02 1.7724140167236328e+01 1.7724449157714844e+01 -5.6121567303103670e-03 1 0 0 0 0
P 10002 -11 -8.0780640244483948e-02 -6.6777698695659637e-02 2.7219640731811523e+01 2.7219839096069336e+01 -1.3635463677000435e-02 1 0 0 0 0
E 57 -1 -1.0000000000000000e+00 -1.0000000000000000e+00 -1.0000000000000000e+00 20 -1 1 0 0 0 0
U GEV MM
V -1 0 0 0 5.4579999999999995e+02 0 0 2 0
P 10001 11 -2.7069669216871262e-02 1.0176660120487213e-01 1.8257289886474609e+01 1.8257589340209961e+01 -1.2437488973577651e-02 1 0 0 0 0
P 10002 -11 2.7067679911851883e-02 -1.0176750272512436e-01 2.6660850524902344e+01 2.6661060333251953e+01 9.9044539712394106e-03 1 0 0 0 0
E 58 -1 -1.0000000000000000e+00 -1.0000000000000000e+00 -1.0000000000000000e+00 20 -1 1 0 0 0 0
U GEV MM
V -1 0 0 0 5.4579999999999995e+02 0 0 2 0
P 10001 11 -9.9790669977664948e-02 -3.6262709647417068e-02 1.9413860321044922e+01 1.9414150238037109e+01 -4.0326035796517468e-03 1 0 0 0 0
P 10002 -11 9.9850386381149292e-02 3.6285191774368286e-02 2.5518190383911133e+01 2.5518409729003906e+01 -9.5961979978726446e-03 1 0 0 0 0
E 59 -1 -1.0000000000000000e+00 -1.0000000000000000e+00 -1.0000000000000000e+00 20 -1 1 0 0 0 0
U GEV MM
V -1 0 0 0 5.4579999999999995e+02 0 0 2 0
P 10001 11 -9.7685277462005615e-02 -3.1377468258142471e-02 1.5941340446472168e+01 1.5941670417785645e+01 -2.5455794318740700e-03 1 0 0 0 0
P 10002 -11 9.7685277462005615e-02 3.1377468258142471e-02 2.9002439498901367e+01 2.9002620697021484e+01 -4.0683021462944698e-03 1 0 0 0 0
E 60 -1 -1.0000000000000000e+00 -1.0000000000000000e+00 -1.0000000000000000e+00 20 -1 1 0 0 0 0
U GEV MM
V -1 0 0 0 5.4579999999999995e+02 0 0 2 0
P 10001 11 -6.6700682044029236e-02 -7.6867140829563141e-02 1.5394539833068848e+01 1.5394869804382324e+01 -1.4068275843840190e-02 1 0 0 0 0
P 10002 -11 6.6700682044029236e-02 7.6867140829563141e-02 2.9549240112304688e+01 2.9549419403076172e+01 1.5437160805956555e-02 1 0 0 0 0
E 61 -1 -1.0000000000000000e+00 -1.0000000000000000e+00 -1.0000000000000000e+00 20 -1 1 0 0 0 0
U GEV MM
V -1 0 0 0 5.4579999999999995e+02 0 0 2 0
P 10001 11 -7.3346860706806183e-02 7.0596903562545776e-02 1.5413629531860352e+01 1.5413969993591309e+01 1.1486214673860656e-02 1 0 0 0 0
P 10002 -11 7.3346860706806183e-02 -7.0596903562545776e-02 2.9530139923095703e+01 2.9530319213867188e+01 1.5010346920681822e-02 1 0 0 0 0
E 62 -1 -1.0000000000000000e+00 -1.0000000000000000e+00 -1.0000000000000000e+00 20 -1 1 0 0 0 0
U GEV MM
V -1 0 0 0 5.4579999999999995e+02 0 0 2 0
P 10001 11 1.6722390428185463e-02 1.0221959650516510e-01 2.6200460433959961e+01 2.6200670242309570e+01 1.6300628623535342e-02 1 0 0 0 0
P 10002 -11 -1.4057920314371586e-02 -1.0083080083131790e-01 1.7031639099121094e+01 1.7031940460205078e+01 -9.9517967957383716e-03 1 0 0 0 0
E 63 -1 -1.0000000000000000e+00 -1.0000000000000000e+00 -1.0000000000000000e+00 20 -1 1 0 0 0 0
U GEV MM
V -1 0 0 0 5.4579999999999995e+02 0 0 2 0
P 10001 11 1.0280770063400269e-01 2.2438259795308113e-02 1.8150909423828125e+01 1.8151210784912109e+01 -1.1526166546792707e-02 1 0 0 0 0
P 10002 -11 -1.0280770063400269e-01 -2.2438259795308113e-02 2.6792879104614258e+01 2.6793079376220703e+01 -1.8470322801076532e-02 1 0 0 0 0
E 64 -1 -1.0000000000000000e+00 -1.0000000000000000e+00 -1.0000000000000000e+00 20 -1 1 0 0 0 0
U GEV MM
V -1 0 0 0 5.4579999999999995e+02 0 0 2 0
P 10001 11 7.7276587486267090e-02 -7.4253343045711517e-02 2.3052320480346680e+01 2.3052570343017578e+01 5.8873793529223978e-03 1 0 0 0 0
P 10002 -11 -7.7279560267925262e-02 7.4197173118591309e-02 2.1864240646362305e+01 2.1864509582519531e+01 1.6819367196018252e-02 1 0 0 0 0
E 65 -1 -1.0000000000000000e+00 -1.0000000000000000e+00 -1.0000000000000000e+00 20 -1 1 0 0 0 0
U GEV MM
V -1 0 0 0 5.4579999999999995e+02 0 0 2 0
P 10001 11 -1.6510719433426857e-02 1.0519660264253616e-01 2.0775249481201172e+01 2.0775520324707031e+01 -9.2289164242711323e-03 1 0 0 0 0
P 10002 -11 1.6754049807786942e-02 -1.0559079796075821e-01 2.4098810195922852e+01 2.4099039077758789e+01 -1.9962529121874670e-02 1 0 0 0 0
E 66 -1 -1.0000000000000000e+00 -1.0000000000000000e+00 -1.0000000000000000e+00 20 -1 1 0 0 0 0
U GEV MM
V -1 0 0 0 5.4579999999999995e+02 0 0 2 0
P 10001 11 3.4664288163185120e-02 6.0433689504861832e-02 1.6534379959106445e+01 1.6534519195556641e+01 -1.5793909296493644e-02 1 0 0 0 0
P 10002 -11 -5.3089141845703125e-02 -9.2193648219108582e-02 1.9661920547485352e+01 1.9662210464477539e+01 9.0888959459078794e-03 1 0 0 0 0
E 67 -1 -1.0000000000000000e+00 -1.0000000000000000e+00 -1.0000000000000000e+00 20 -1 1 0 0 0 0
U GEV MM
V -1 0 0 0 5.4579999999999995e+02 0 0 2 0
P 10001 11 4.8011701554059982e-02 -9.4180487096309662e-02 1.8929050445556641e+01 1.8929340362548828e+01 -1.4117253404088780e-02 1 0 0 0 0
P 10002 -11 -4.8094898462295532e-02 9.4256572425365448e-02 2.6000450134277344e+01 2.6000659942626953e+01 -1.6945607703291593e-02 1 0 0 0 0
E 68 -1 -1.0000000000000000e+00 -1.0000000000000000e+00 -1.0000000000000000e+00 20 -1 1 0 0 0 0
U GEV MM
V -1 0 0 0 5.4579999999999995e+02 0 0 2 0
P 10001 11 1.0628300160169601e-01 -5.5246339179575443e-03 2.4801610946655273e+01 2.4801839828491211e+01 5.1701907926650845e-03 1 0 0 0 0
P 10002 -11 -8.5169352591037750e-02 4.2813941836357117e-03 1.6794500350952148e+01 1.6794719696044922e+01 9.7714702305753513e-03 1 0 0 0 0
E 69 -1 -1.0000000000000000e+00 -1.0000000000000000e+00 -1.0000000000000000e+00 20 -1 1 0 0 0 0
U GEV MM
V -1 0 0 0 5.4579999999999995e+02 0 0 2 0
P 10001 11 8.6448691785335541e-02 -6.2864631414413452e-02 2.0685340881347656e+01 2.0685609817504883e+01 -1.7297216322655642e-02 1 0 0 0 0
P 10002 -11 -8.6448691785335541e-02 6.2864631414413452e-02 2.4258449554443359e+01 2.4258680343627930e+01 -1.5103289290876849e-02 1 0 0 0 0
E 70 -1 -1.0000000000000000e+00 -1.0000000000000000e+00 -1.0000000000000000e+00 20 -1 1 0 0 0 0
U GEV MM
V -1 0 0 0 5.4579999999999995e+02 0 0 2 0
P 10001 11 6.1129680834710598e-03 1.0704220086336136e-01 2.2810020446777344e+01 2.2810270309448242e+01 -9.8281966258252397e-03 1 0 0 0 0
P 10002 -11 -6.1129680834710598e-03 -1.0704220086336136e-01 2.2133760452270508e+01 2.2134019851684570e+01 -3.5163719645573081e-03 1 0 0 0 0
E 71 -1 -1.0000000000000000e+00 -1.0000000000000000e+00 -1.0000000000000000e+00 20 -1 1 0 0 0 0
U GEV MM
V -1 0 0 0 5.4579999999999995e+02 0 0 2 0
P 10001 11 -4.2281180620193481e-02 -9.7903348505496979e-02 2.0775299072265625e+01 2.0775579452514648e+01 1.6651780225859662e-02 1 0 0 0 0
P 10002 -11 4.2290858924388885e-02 9.7932212054729462e-02 2.3911680221557617e+01 2.3911920547485352e+01 1.0677842288282809e-02 1 0 0 0 0
E 72 -1 -1.0000000000000000e+00 -1.0000000000000000e+00 -1.0000000000000000e+00 20 -1 1 0 0 0 0
U GEV MM
V -1 0 0 0 5.4579999999999995e+02 0 0 2 0
P 10001 11 -6.5387770533561707e-02 8.0618850886821747e-02 1.6836639404296875e+01 1.6836959838867188e+01 3.9020059858419233e-03 1 0 0 0 0
P 10002 -11 6.5387770533561707e-02 -8.0618850886821747e-02 2.8107139587402344e+01 2.8107330322265625e+01 -7.2732675598106049e-03 1 0 0 0 0
E 73 -1 -1.0000000000000000e+00 -1.0000000000000000e+00 -1.0000000000000000e+00 20 -1 1 0 0 0 0
U GEV MM
V -1 0 0 0 5.4579999999999995e+02 0 0 2 0
P 10001 11 3.6664299666881561e-02 9.6057876944541931e-02 1.6092479705810547e+01 1.6092809677124023e+01 6.9882486481328433e-03 1 0 0 0 0
P 10002 -11 -3.6664299666881561e-02 -9.6057876944541931e-02 2.8851299285888672e+01 2.8851480484008789e+01 -1.0758781218174966e-02 1 0 0 0 0
E 74 -1 -1.0000000000000000e+00 -1.0000000000000000e+00 -1.0000000000000000e+00 20 -1 1 0 0 0 0
U GEV MM
V -1 0 0 0 5.4579999999999995e+02 0 0 2 0
P 10001 11 -8.0443516373634338e-02 -7.0870302617549896e-02 2.2039670944213867e+01 2.2039930343627930e+01 -7.7159816937806833e-03 1 0 0 0 0
P 10002 -11 8.0443516373634338e-02 7.0870302617549896e-02 2.2904109954833984e+01 2.2904359817504883e+01 -6.9233310284695440e-03 1 0 0 0 0
E 75 -1 -1.0000000000000000e+00 -1.0000000000000000e+00 -1.0000000000000000e+00 20 -1 1 0 0 0 0
U GEV MM
V -1 0 0 0 5.4579999999999995e+02 0 0 2 0
P 10001 11 3.3387608826160431e-02 9.8712846636772156e-02 1.7174079895019531e+01 1.7174390792846680e+01 -1.3419896108445118e-02 1 0 0 0 0
P 10002 -11 -3.3387608826160431e-02 -9.8712846636772156e-02 2.7769710540771484e+01 2.7769899368286133e+01 -1.9275684439723016e-02 1 0 0 0 0
E 76 -1 -1.0000000000000000e+00 -1.0000000000000000e+00 -1.0000000000000000e+00 20 -1 1 0 0 0 0
U GEV MM
V -1 0 0 0 5.4579999999999995e+02 0 0 2 0
P 10001 11 -3.9903400465846062e-03 -1.0321299731731415e-01 1.6442470550537109e+01 1.6442800521850586e+01 1.3503720260547226e-02 1 0 0 0 0
P 10002 -11 3.9751501753926277e-03 1.0321349650621414e-01 2.8499200820922852e+01 2.8499389648437500e+01 9.6992008338190189e-03 1 0 0 0 0
E 77 -1 -1.0000000000000000e+00 -1.0000000000000000e+00 -1.0000000000000000e+00 20 -1 1 0 0 0 0
U GEV MM
V -1 0 0 0 5.4579999999999995e+02 0 0 2 0
P 10001 11 -5.7440780103206635e-02 6.6141173243522644e-02 1.8174459457397461e+01 1.8174669265747070e+01 -6.9099428171457066e-03 1 0 0 0 0
P 10002 -11 6.5810322761535645e-02 -7.9563029110431671e-02 1.9852840423583984e+01 1.9853109359741211e+01 4.1341710874305574e-03 1 0 0 0 0
E 78 -1 -1.0000000000000000e+00 -1.0000000000000000e+00 -1.0000000000000000e+00 20 -1 1 0 0 0 0
U GEV MM
V -1 0 0 0 5.4579999999999995e+02 0 0 2 0
P 10001 11 8.0402232706546783e-02 -7.0547290146350861e-02 2.4041450500488281e+01 2.4041690826416016e+01 1.0685802569283059e-02 1 0 0 0 0
P 10002 -11 -8.0402188003063202e-02 7.0547282695770264e-02 2.0902330398559570e+01 2.0902610778808594e+01 1.6728684535659732e-02 1 0 0 0 0
E 79 -1 -1.0000000000000000e+00 -1.0000000000000000e+00 -1.0000000000000000e+00 20 -1 1 0 0 0 0
U GEV MM
V -1 0 0 0 5.4579999999999995e+02 0 0 2 0
P 10001 11 -7.3202021420001984e-02 -7.2047300636768341e-02 1.6093919754028320e+01 1.6094240188598633e+01 -1.5334610157394377e-02 1 0 0 0 0
P 10002 -11 7.3206022381782532e-02 7.2037063539028168e-02 2.8844190597534180e+01 2.8844369888305664e+01 -1.4332959251578927e-02 1 0 0 0 0
E 80 -1 -1.0000000000000000e+00 -1.0000000000000000e+00 -1.0000000000000000e+00 20 -1 1 0 0 0 0
U GEV MM
V -1 0 0 0 5.4579999999999995e+02 0 0 2 0
P 10001 11 -1.4490170404314995e-02 -1.0188560187816620e-01 1.6159099578857422e+01 1.6159420013427734e+01 -1.5318941535133915e-02 1 0 0 0 0
P 10002 -11 1.4490170404314995e-02 1.0188560187816620e-01 2.8784679412841797e+01 2.8784870147705078e+01 1.9745360371592104e-02 1 0 0 0 0
E 81 -1 -1.0000000000000000e+00 -1.0000000000000000e+00 -1.0000000000000000e+00 20 -1 1 0 0 0 0
U GEV MM
V -1 0 0 0 5.4579999999999995e+02 0 0 2 0
P 10001 11 7.4137628078460693e-02 -6.8259641528129578e-02 1.5951930046081543e+01 1.5952249526977539e+01 6.0835283649511192e-03 1 0 0 0 0
P 10002 -11 -7.5653143227100372e-02 6.9930866360664368e-02 2.8635210037231445e+01 2.8635400772094727e+01 1.7600510580338499e-02 1 0 0 0 0
E 82 -1 -1.0000000000000000e+00 -1.0000000000000000e+00 -1.0000000000000000e+00 20 -1 1 0 0 0 0
U GEV MM
V -1 0 0 0 5.4579999999999995e+02 0 0 2 0
P 10001 11 -1.0668209940195084e-01 -9.8281353712081909e-03 2.1632429122924805e+01 2.1632690429687500e+01 -1.3122280662491825e-02 1 0 0 0 0
P 10002 -11 1.0079610347747803e-01 9.9603002890944481e-03 2.2054189682006836e+01 2.2054430007934570e+01 1.8476549731624620e-02 1 0 0 0 0
E 83 -1 -1.0000000000000000e+00 -1.0000000000000000e+00 -1.0000000000000000e+00 20 -1 1 0 0 0 0
U GEV MM
V -1 0 0 0 5.4579999999999995e+02 0 0 2 0
P 10001 11 -8.6133828153833747e-04 -1.0710550099611282e-01 2.1409809112548828e+01 2.1410079956054688e+01 1.1187431723927412e-02 1 0 0 0 0
P 10002 -11 8.6133828153833747e-04 1.0710550099611282e-01 2.3533969879150391e+01 2.3534210205078125e+01 -1.2673839264598240e-02 1 0 0 0 0
E 84 -1 -1.0000000000000000e+00 -1.0000000000000000e+00 -1.0000000000000000e+00 20 -1 1 0 0 0 0
U GEV MM
V -1 0 0 0 5.4579999999999995e+02 0 0 2 0
P 10001 11 1.0216149687767029e-01 2.6165729388594627e-02 1.8427959442138672e+01 1.8428260803222656e+01 -3.8192085621313412e-03 1 0 0 0 0
P 10002 -11 -8.7395288050174713e-02 -2.1836420521140099e-02 2.2397199630737305e+01 2.2397380828857422e+01 1.3885734252833228e-03 1 0 0 0 0
E 85 -1 -1.0000000000000000e+00 -1.0000000000000000e+00 -1.0000000000000000e+00 20 -1 1 0 0 0 0
U GEV MM
V -1 0 0 0 5.4579999999999995e+02 0 0 2 0
P 10001 11 -1.0086320340633392e-01 -2.7800330892205238e-02 2.6568740844726562e+01 2.6568939208984375e+01 -2.0140201919481973e-02 1 0 0 0 0
P 10002 -11 1.0019230097532272e-01 2.5515580549836159e-02 1.7750310897827148e+01 1.7750610351562500e+01 -7.6588869291899821e-03 1 0 0 0 0
E 86 -1 -1.0000000000000000e+00 -1.0000000000000000e+00 -1.0000000000000000e+00 20 -1 1 0 0 0 0
U GEV MM
V -1 0 0 0 5.4579999999999995e+02 0 0 2 0
P 10001 11 8.5593201220035553e-02 5.9143029153347015e-02 1.7031480789184570e+01 1.7031799316406250e+01 5.0978407969788668e-03 1 0 0 0 0
P 10002 -11 -8.5593201220035553e-02 -5.9143029153347015e-02 2.7912300109863281e+01 2.7912490844726562e+01 -1.3280064836233865e-02 1 0 0 0 0
E 87 -1 -1.0000000000000000e+00 -1.0000000000000000e+00 -1.0000000000000000e+00 20 -1 1 0 0 0 0
U GEV MM
V -1 0 0 0 5.4579999999999995e+02 0 0 2 0
P 10001 11 -3.9178621023893356e-02 -9.9000096321105957e-02 2.3200300216674805e+01 2.3200550079345703e+01 1.6057925459154489e-02 1 0 0 0 0
P 10002 -11 2.9431849718093872e-02 8.1823512911796570e-02 1.6355089187622070e+01 1.6355319976806641e+01 -3.4802851946771829e-03 1 0 0 0 0
E 88 -1 -1.0000000000000000e+00 -1.0000000000000000e+00 -1.0000000000000000e+00 20 -1 1 0 0 0 0
U GEV MM
V -1 0 0 0 5.4579999999999995e+02 0 0 2 0
P 10001 11 8.2437783479690552e-02 -6.2820538878440857e-02 1.6711269378662109e+01 1.6711589813232422e+01 -5.7069016310205816e-03 1 0 0 0 0
P 10002 -11 -8.2295350730419159e-02 6.2721386551856995e-02 2.8183610916137695e+01 2.8183799743652344e+01 -7.9233213252237356e-03 1 0 0 0 0
E 89 -1 -1.0000000000000000e+00 -1.0000000000000000e+00 -1.0000000000000000e+00 20 -1 1 0 0 0 0
U GEV MM
V -1 0 0 0 5.4579999999999995e+02 0 0 2 0
P 10001 11 -8.2551017403602600e-02 -6.0769528150558472e-02 1.5876589775085449e+01 1.5876919746398926e+01 -5.4643189617348360e-03 1 0 0 0 0
P 10002 -11 8.2551017403602600e-02 6.0769528150558472e-02 2.9067190170288086e+01 2.9067369461059570e+01 -9.1986944648915648e-03 1 0 0 0 0
E 90 -1 -1.0000000000000000e+00 -1.0000000000000000e+00 -1.0000000000000000e+00 20 -1 1 0 0 0 0
U GEV MM
V -1 0 0 0 5.4579999999999995e+02 0 0 2 0
P 10001 11 -1.0574319958686829e-01 -6.4370869658887386e-03 1.9081769943237305e+01 1.9082059860229492e+01 -1.2598317366635973e-02 1 0 0 0 0
P 10002 -11 1.0548649728298187e-01 6.4822109416127205e-03 2.5721220016479492e+01 2.5721429824829102e+01 -1.9399038763237543e-02 1 0 0 0 0
E 91 -1 -1.0000000000000000e+00 -1.0000000000000000e+00 -1.0000000000000000e+00 20 -1 1 0 0 0 0
U GEV MM
V -1 0 0 0 5.4579999999999995e+02 0 0 2 0
P 10001 11 -7.8933022916316986e-02 -7.2158657014369965e-02 2.0883169174194336e+01 2.0883449554443359e+01 1.6530005177558323e-02 1 0 0 0 0
P 10002 -11 7.8942507505416870e-02 7.2167828679084778e-02 2.4059450149536133e+01 2.4059680938720703e+01 -1.8295900126293219e-02 1 0 0 0 0
E 92 -1 -1.0000000000000000e+00 -1.0000000000000000e+00 -1.0000000000000000e+00 20 -1 1 0 0 0 0
U GEV MM
V -1 0 0 0 5.4579999999999995e+02 0 0 2 0
P 10001 11 -9.8293356597423553e-02 3.1357001513242722e-02 2.8514049530029297e+01 2.8514240264892578e+01 1.5245903124778356e-02 1 0 0 0 0
P 10002 -11 9.8295606672763824e-02 -3.1440690159797668e-02 1.6400159835815430e+01 1.6400489807128906e+01 1.3142684531389085e-02 1 0 0 0 0
E 93 -1 -1.0000000000000000e+00 -1.0000000000000000e+00 -1.0000000000000000e+00 20 -1 1 0 0 0 0
U GEV MM
V -1 0 0 0 5.4579999999999995e+02 0 0 2 0
P 10001 11 -1.0591589659452438e-01 1.1877249926328659e-02 2.0003179550170898e+01 2.0003459930419922e+01 -1.1923702322694078e-02 1 0 0 0 0
P 10002 -11 1.0591589659452438e-01 -1.1877249926328659e-02 2.4940599441528320e+01 2.4940830230712891e+01 1.2363181710982767e-02 1 0 0 0 0
E 94 -1 -1.0000000000000000e+00 -1.0000000000000000e+00 -1.0000000000000000e+00 20 -1 1 0 0 0 0
U GEV MM
V -1 0 0 0 5.4579999999999995e+02 0 0 2 0
P 10001 11 -7.1381576359272003e-02 -7.2048000991344452e-02 1.5445010185241699e+01 1.5445340156555176e+01 -9.6599386311372205e-03 1 0 0 0 0
P 10002 -11 7.1387849748134613e-02 7.2061702609062195e-02 2.8794290542602539e+01 2.8794469833374023e+01 6.0015999592398081e-03 1 0 0 0 0
E 95 -1 -1.0000000000000000e+00 -1.0000000000000000e+00 -1.0000000000000000e+00 20 -1 1 0 0 0 0
U GEV MM
V -1 0 0 0 5.4579999999999995e+02 0 0 2 0
P 10001 11 -3.9867680519819260e-02 9.7260378301143646e-02 2.6912580490112305e+01 2.6912790298461914e+01 1.5620469743137744e-02 1 0 0 0 0
P 10002 -11 3.9867680519819260e-02 -9.7260378301143646e-02 1.8031200408935547e+01 1.8031499862670898e+01 -1.5808315347551248e-02 1 0 0 0 0
E 96 -1 -1.0000000000000000e+00 -1.0000000000000000e+00 -1.0000000000000000e+00 20 -1 1 0 0 0 0
U GEV MM
V -1 0 0 0 5.4579999999999995e+02 0 0 2 0
P 10001 11 6.7628093063831329e-02 -7.9759202897548676e-02 1.7499710083007812e+01 1.7500019073486328e+01 -1.0977538809509505e-02 1 0 0 0 0
P 10002 -11 -6.7101657390594482e-02 7.9118676483631134e-02 2.7223409652709961e+01 2.7223609924316406e+01 1.1907757291516722e-02 1 0 0 0 0
E 97 -1 -1.0000000000000000e+00 -1.0000000000000000e+00 -1.0000000000000000e+00 20 -1 1 0 0 0 0
U GEV MM
V -1 0 0 0 5.4579999999999995e+02 0 0 2 0
P 10001 11 1.0119249671697617e-01 -3.4817550331354141e-02 2.3890590667724609e+01 2.3890829086303711e+01 -7.7591879523927904e-03 1 0 0 0 0
P 10002 -11 -1.0119249671697617e-01 3.4817550331354141e-02 2.1053190231323242e+01 2.1053459167480469e+01 -1.1321780773840365e-02 1 0 0 0 0
E 98 -1 -1.0000000000000000e+00 -1.0000000000000000e+00 -1.0000000000000000e+00 20 -1 1 0 0 0 0
U GEV MM
V -1 0 0 0 5.4579999999999995e+02 0 0 2 0
P 10001 11 7.8089527785778046e-02 6.2940880656242371e-02 2.5573999404907227e+01 2.5574199676513672e+01 1.3564777522947090e-02 1 0 0 0 0
P 10002 -11 -7.9044297337532043e-02 -6.3675947487354279e-02 1.6392570495605469e+01 1.6392890930175781e+01 1.4246684333257657e-02 1 0 0 0 0
E 99 -1 -1.0000000000000000e+00 -1.0000000000000000e+00 -1.0000000000000000e+00 20 -1 1 0 0 0 0
U GEV MM
V -1 0 0 0 5.4579999999999995e+02 0 0 2 0
P 10001 11 7.9208187758922577e-02 -7.2009027004241943e-02 2.1174840927124023e+01 2.1175109863281250e+01 -8.3548760531414572e-03 1 0 0 0 0
P 10002 -11 -7.9209432005882263e-02 7.2011053562164307e-02 2.3768409729003906e+01 2.3768650054931641e+01 -5.9445739546760325e-03 1 0 0 0 0
E 100 -1 -1.0000000000000000e+00 -1.0000000000000000e+00 -1.0000000000000000e+00 20 -1 1 0 0 0 0
U GEV MM
V -1 0 0 0 5.4579999999999995e+02 0 0 2 0
P 10001 11 -1.1665729805827141e-02 -1.0598760098218918e-01 2.0095729827880859e+01 2.0096010208129883e+01 -1.0024506664723390e-02 1 0 0 0 0
P 10002 -11 1.1665729805827141e-02 1.0598760098218918e-01 2.4848049163818359e+01 2.4848279953002930e+01 9.9957220427553534e-03 1 0 0 0 0
E 101 -1 -1.0000000000000000e+00 -1.0000000000000000e+00 -1.0000000000000000e+00 20 -1 1 0 0 0 0
U GEV MM
V -1 0 0 0 5.4579999999999995e+02 0 0 2 0
P 10001 11 2.1634979173541069e-02 -1.0285220295190811e-01 1.8019550323486328e+01 1.8019859313964844e+01 9.4438579726864938e-03 1 0 0 0 0
P 10002 -11 -2.1634979173541069e-02 1.0285220295190811e-01 2.6924219131469727e+01 2.6924430847167969e+01 1.8813733113903806e-02 1 0 0 0 0
HepMC::IO_GenEvent-END_EVENT_LISTING
